126
108
142
162
170
135
146
144
137
175
136
144
135
170
191
101
185
195
133
127
180
112
175
199
106
144
165
164
101
110
168
192
139
197
140
105
154
157
186
140
125
142
124
173
191
136
132
179
172
152
109
164
143
111
139
190
125
152
141
144
199
157
177
166
158
190
130
144
171
152
151
114
100
125
110
176
158
147
179
130
155
115
184
149
102
152
185
161
127
133
180
127
136
182
123
189
194
120
196
103
132
112
136
120
167
166
122
171
148
104
155
103
157
166
197
199
104
111
110
150
150
194
102
171
195
153
193
118
168
173
123
172
154
167
178
115
160
170
132
157
119
169
115
114
178
136
125
186
170
174
177
152
137
148
123
143
108
141
128
124
136
113
151
100
109
127
170
135
122
175
150
199
141
181
117
134
177
167
108
106
151
163
128
193
100
110
103
112
180
121
176
166
102
152
149
172
154
145
170
133
144
141
